0,8
Naveen,Runs
2016,0
